Filename: C:\Program Files\Exelis\ENVI51\classic\data\can_tmr.img
Dims: Full Scene (256,000 points)

Basic Stats	  Min	  Max	     Mean	    Stdev
     Band 1	    0	  100	17.050289	 6.737316
     Band 2	    0	  100	23.567602	 8.352275
     Band 3	    0	  100	25.984332	 9.817175
     Band 4	    0	  100	35.181641	10.025017
     Band 5	    0	  100	29.248176	 9.330404
     Band 6	    0	  100	22.593254	 7.983674

Histogram  	   DN	   Npts	  Total	 Percent	 Acc Pct
Band 1     	    0	     21	     21	  0.0082	  0.0082
           	    1	     58	     79	  0.0227	  0.0309
           	    2	    266	    345	  0.1039	  0.1348
           	    3	   2080	   2425	  0.8125	  0.9473
           	    4	   2205	   4630	  0.8613	  1.8086
           	    5	   2411	   7041	  0.9418	  2.7504
           	    6	   5901	  12942	  2.3051	  5.0555
           	    7	   3618	  16560	  1.4133	  6.4687
           	    8	   3699	  20259	  1.4449	  7.9137
           	    9	   9469	  29728	  3.6988	 11.6125
           	   10	   6613	  36341	  2.5832	 14.1957
           	   11	   7843	  44184	  3.0637	 17.2594
           	   12	  20494	  64678	  8.0055	 25.2648
           	   13	  12137	  76815	  4.7410	 30.0059
           	   14	  12200	  89015	  4.7656	 34.7715
           	   15	  25590	 114605	  9.9961	 44.7676
           	   16	  13611	 128216	  5.3168	 50.0844
           	   17	  12753	 140969	  4.9816	 55.0660
           	   18	  23625	 164594	  9.2285	 64.2945
           	   19	  10428	 175022	  4.0734	 68.3680
           	   20	   9379	 184401	  3.6637	 72.0316
           	   21	  18044	 202445	  7.0484	 79.0801
           	   22	   8091	 210536	  3.1605	 82.2406
           	   23	   6947	 217483	  2.7137	 84.9543
           	   24	  11577	 229060	  4.5223	 89.4766
           	   25	   4399	 233459	  1.7184	 91.1949
           	   26	   3409	 236868	  1.3316	 92.5266
           	   27	   2755	 239623	  1.0762	 93.6027
           	   28	   4088	 243711	  1.5969	 95.1996
           	   29	   1526	 245237	  0.5961	 95.7957
           	   30	   1206	 246443	  0.4711	 96.2668
           	   31	   1979	 248422	  0.7730	 97.0398
           	   32	    787	 249209	  0.3074	 97.3473
           	   33	    752	 249961	  0.2938	 97.6410
           	   34	   1348	 251309	  0.5266	 98.1676
           	   35	    574	 251883	  0.2242	 98.3918
           	   36	    548	 252431	  0.2141	 98.6059
           	   37	    985	 253416	  0.3848	 98.9906
           	   38	    424	 253840	  0.1656	 99.1563
           	   39	    364	 254204	  0.1422	 99.2984
           	   40	    609	 254813	  0.2379	 99.5363
           	   41	    219	 255032	  0.0855	 99.6219
           	   42	    162	 255194	  0.0633	 99.6852
           	   43	    227	 255421	  0.0887	 99.7738
           	   44	     82	 255503	  0.0320	 99.8059
           	   45	     85	 255588	  0.0332	 99.8391
           	   46	    102	 255690	  0.0398	 99.8789
           	   47	     36	 255726	  0.0141	 99.8930
           	   48	     41	 255767	  0.0160	 99.9090
           	   49	     29	 255796	  0.0113	 99.9203
           	   50	     43	 255839	  0.0168	 99.9371
           	   51	      9	 255848	  0.0035	 99.9406
           	   52	     13	 255861	  0.0051	 99.9457
           	   53	     18	 255879	  0.0070	 99.9527
           	   54	      7	 255886	  0.0027	 99.9555
           	   55	     12	 255898	  0.0047	 99.9602
           	   56	     12	 255910	  0.0047	 99.9648
           	   57	      4	 255914	  0.0016	 99.9664
           	   58	     10	 255924	  0.0039	 99.9703
           	   59	     10	 255934	  0.0039	 99.9742
           	   60	      3	 255937	  0.0012	 99.9754
           	   61	      2	 255939	  0.0008	 99.9762
           	   62	      7	 255946	  0.0027	 99.9789
           	   63	      2	 255948	  0.0008	 99.9797
           	   64	      4	 255952	  0.0016	 99.9813
           	   65	      5	 255957	  0.0020	 99.9832
           	   66	      4	 255961	  0.0016	 99.9848
           	   67	      1	 255962	  0.0004	 99.9852
           	   68	      6	 255968	  0.0023	 99.9875
           	   69	      1	 255969	  0.0004	 99.9879
           	   70	      5	 255974	  0.0020	 99.9898
           	   71	      4	 255978	  0.0016	 99.9914
           	   72	      0	 255978	  0.0000	 99.9914
           	   73	      2	 255980	  0.0008	 99.9922
           	   74	      2	 255982	  0.0008	 99.9930
           	   75	      5	 255987	  0.0020	 99.9949
           	   76	      0	 255987	  0.0000	 99.9949
           	   77	      1	 255988	  0.0004	 99.9953
           	   78	      3	 255991	  0.0012	 99.9965
           	   79	      0	 255991	  0.0000	 99.9965
           	   80	      0	 255991	  0.0000	 99.9965
           	   81	      0	 255991	  0.0000	 99.9965
           	   82	      1	 255992	  0.0004	 99.9969
           	   83	      1	 255993	  0.0004	 99.9973
           	   84	      0	 255993	  0.0000	 99.9973
           	   85	      1	 255994	  0.0004	 99.9977
           	   86	      0	 255994	  0.0000	 99.9977
           	   87	      0	 255994	  0.0000	 99.9977
           	   88	      1	 255995	  0.0004	 99.9980
           	   89	      1	 255996	  0.0004	 99.9984
           	   90	      1	 255997	  0.0004	 99.9988
           	   91	      0	 255997	  0.0000	 99.9988
           	   92	      1	 255998	  0.0004	 99.9992
           	   93	      1	 255999	  0.0004	 99.9996
           	   94	      0	 255999	  0.0000	 99.9996
           	   95	      0	 255999	  0.0000	 99.9996
           	   96	      0	 255999	  0.0000	 99.9996
           	   97	      0	 255999	  0.0000	 99.9996
           	   98	      0	 255999	  0.0000	 99.9996
           	   99	      0	 255999	  0.0000	 99.9996
           	  100	      1	 256000	  0.0004	100.0000

Histogram  	   DN	   Npts	  Total	 Percent	 Acc Pct
Band 2     	    0	      1	      1	  0.0004	  0.0004
           	    1	      2	      3	  0.0008	  0.0012
           	    2	     24	     27	  0.0094	  0.0105
           	    3	      0	     27	  0.0000	  0.0105
           	    4	    518	    545	  0.2023	  0.2129
           	    5	   1919	   2464	  0.7496	  0.9625
           	    6	   2117	   4581	  0.8270	  1.7895
           	    7	      0	   4581	  0.0000	  1.7895
           	    8	   2533	   7114	  0.9895	  2.7789
           	    9	   3453	  10567	  1.3488	  4.1277
           	   10	   4876	  15443	  1.9047	  6.0324
           	   11	      0	  15443	  0.0000	  6.0324
           	   12	   5516	  20959	  2.1547	  8.1871
           	   13	   6306	  27265	  2.4633	 10.6504
           	   14	   8391	  35656	  3.2777	 13.9281
           	   15	      0	  35656	  0.0000	 13.9281
           	   16	  10536	  46192	  4.1156	 18.0437
           	   17	  11821	  58013	  4.6176	 22.6613
           	   18	  13155	  71168	  5.1387	 27.8000
           	   19	      0	  71168	  0.0000	 27.8000
           	   20	  15963	  87131	  6.2355	 34.0355
           	   21	  19845	 106976	  7.7520	 41.7875
           	   22	  21000	 127976	  8.2031	 49.9906
           	   23	      0	 127976	  0.0000	 49.9906
           	   24	  18945	 146921	  7.4004	 57.3910
           	   25	  17384	 164305	  6.7906	 64.1816
           	   26	      0	 164305	  0.0000	 64.1816
           	   27	  16794	 181099	  6.5602	 70.7418
           	   28	  13304	 194403	  5.1969	 75.9387
           	   29	  11258	 205661	  4.3977	 80.3363
           	   30	      0	 205661	  0.0000	 80.3363
           	   31	  10462	 216123	  4.0867	 84.4230
           	   32	   9296	 225419	  3.6312	 88.0543
           	   33	   7658	 233077	  2.9914	 91.0457
           	   34	      0	 233077	  0.0000	 91.0457
           	   35	   5257	 238334	  2.0535	 93.0992
           	   36	   3834	 242168	  1.4977	 94.5969
           	   37	   2449	 244617	  0.9566	 95.5535
           	   38	      0	 244617	  0.0000	 95.5535
           	   39	   1855	 246472	  0.7246	 96.2781
           	   40	   1346	 247818	  0.5258	 96.8039
           	   41	   1256	 249074	  0.4906	 97.2945
           	   42	      0	 249074	  0.0000	 97.2945
           	   43	   1088	 250162	  0.4250	 97.7195
           	   44	   1025	 251187	  0.4004	 98.1199
           	   45	    916	 252103	  0.3578	 98.4777
           	   46	      0	 252103	  0.0000	 98.4777
           	   47	    801	 252904	  0.3129	 98.7906
           	   48	    721	 253625	  0.2816	 99.0723
           	   49	    570	 254195	  0.2227	 99.2949
           	   50	      0	 254195	  0.0000	 99.2949
           	   51	    446	 254641	  0.1742	 99.4691
           	   52	    378	 255019	  0.1477	 99.6168
           	   53	      0	 255019	  0.0000	 99.6168
           	   54	    253	 255272	  0.0988	 99.7156
           	   55	    215	 255487	  0.0840	 99.7996
           	   56	    149	 255636	  0.0582	 99.8578
           	   57	      0	 255636	  0.0000	 99.8578
           	   58	    103	 255739	  0.0402	 99.8980
           	   59	     77	 255816	  0.0301	 99.9281
           	   60	     41	 255857	  0.0160	 99.9441
           	   61	      0	 255857	  0.0000	 99.9441
           	   62	     35	 255892	  0.0137	 99.9578
           	   63	     19	 255911	  0.0074	 99.9652
           	   64	     11	 255922	  0.0043	 99.9695
           	   65	      0	 255922	  0.0000	 99.9695
           	   66	     11	 255933	  0.0043	 99.9738
           	   67	      7	 255940	  0.0027	 99.9766
           	   68	     10	 255950	  0.0039	 99.9805
           	   69	      0	 255950	  0.0000	 99.9805
           	   70	      5	 255955	  0.0020	 99.9824
           	   71	      6	 255961	  0.0023	 99.9848
           	   72	      8	 255969	  0.0031	 99.9879
           	   73	      0	 255969	  0.0000	 99.9879
           	   74	      7	 255976	  0.0027	 99.9906
           	   75	      5	 255981	  0.0020	 99.9926
           	   76	      3	 255984	  0.0012	 99.9938
           	   77	      0	 255984	  0.0000	 99.9938
           	   78	      2	 255986	  0.0008	 99.9945
           	   79	      1	 255987	  0.0004	 99.9949
           	   80	      0	 255987	  0.0000	 99.9949
           	   81	      1	 255988	  0.0004	 99.9953
           	   82	      4	 255992	  0.0016	 99.9969
           	   83	      0	 255992	  0.0000	 99.9969
           	   84	      0	 255992	  0.0000	 99.9969
           	   85	      1	 255993	  0.0004	 99.9973
           	   86	      2	 255995	  0.0008	 99.9980
           	   87	      1	 255996	  0.0004	 99.9984
           	   88	      0	 255996	  0.0000	 99.9984
           	   89	      1	 255997	  0.0004	 99.9988
           	   90	      0	 255997	  0.0000	 99.9988
           	   91	      1	 255998	  0.0004	 99.9992
           	   92	      0	 255998	  0.0000	 99.9992
           	   93	      0	 255998	  0.0000	 99.9992
           	   94	      0	 255998	  0.0000	 99.9992
           	   95	      1	 255999	  0.0004	 99.9996
           	   96	      0	 255999	  0.0000	 99.9996
           	   97	      0	 255999	  0.0000	 99.9996
           	   98	      0	 255999	  0.0000	 99.9996
           	   99	      0	 255999	  0.0000	 99.9996
           	  100	      1	 256000	  0.0004	100.0000

Histogram  	   DN	   Npts	  Total	 Percent	 Acc Pct
Band 3     	    0	      2	      2	  0.0008	  0.0008
           	    1	      5	      7	  0.0020	  0.0027
           	    2	     79	     86	  0.0309	  0.0336
           	    3	    604	    690	  0.2359	  0.2695
           	    4	   2116	   2806	  0.8266	  1.0961
           	    5	   1670	   4476	  0.6523	  1.7484
           	    6	   1570	   6046	  0.6133	  2.3617
           	    7	   1911	   7957	  0.7465	  3.1082
           	    8	   2438	  10395	  0.9523	  4.0605
           	    9	   2700	  13095	  1.0547	  5.1152
           	   10	   2858	  15953	  1.1164	  6.2316
           	   11	   3231	  19184	  1.2621	  7.4938
           	   12	   3787	  22971	  1.4793	  8.9730
           	   13	   3883	  26854	  1.5168	 10.4898
           	   14	   4394	  31248	  1.7164	 12.2063
           	   15	   4828	  36076	  1.8859	 14.0922
           	   16	   6052	  42128	  2.3641	 16.4563
           	   17	   7301	  49429	  2.8520	 19.3082
           	   18	   8311	  57740	  3.2465	 22.5547
           	   19	   8720	  66460	  3.4063	 25.9609
           	   20	      0	  66460	  0.0000	 25.9609
           	   21	  10306	  76766	  4.0258	 29.9867
           	   22	  10254	  87020	  4.0055	 33.9922
           	   23	   9956	  96976	  3.8891	 37.8813
           	   24	  10640	 107616	  4.1563	 42.0375
           	   25	  11827	 119443	  4.6199	 46.6574
           	   26	  11500	 130943	  4.4922	 51.1496
           	   27	  11445	 142388	  4.4707	 55.6203
           	   28	  11958	 154346	  4.6711	 60.2914
           	   29	  12717	 167063	  4.9676	 65.2590
           	   30	  11330	 178393	  4.4258	 69.6848
           	   31	  10202	 188595	  3.9852	 73.6699
           	   32	   9334	 197929	  3.6461	 77.3160
           	   33	   9080	 207009	  3.5469	 80.8629
           	   34	   8485	 215494	  3.3145	 84.1773
           	   35	   7036	 222530	  2.7484	 86.9258
           	   36	   5657	 228187	  2.2098	 89.1355
           	   37	   4883	 233070	  1.9074	 91.0430
           	   38	   3909	 236979	  1.5270	 92.5699
           	   39	   2733	 239712	  1.0676	 93.6375
           	   40	      0	 239712	  0.0000	 93.6375
           	   41	   2182	 241894	  0.8523	 94.4898
           	   42	   1796	 243690	  0.7016	 95.1914
           	   43	   1438	 245128	  0.5617	 95.7531
           	   44	   1271	 246399	  0.4965	 96.2496
           	   45	   1084	 247483	  0.4234	 96.6730
           	   46	   1025	 248508	  0.4004	 97.0734
           	   47	    886	 249394	  0.3461	 97.4195
           	   48	    821	 250215	  0.3207	 97.7402
           	   49	    722	 250937	  0.2820	 98.0223
           	   50	    671	 251608	  0.2621	 98.2844
           	   51	    614	 252222	  0.2398	 98.5242
           	   52	    606	 252828	  0.2367	 98.7609
           	   53	    524	 253352	  0.2047	 98.9656
           	   54	    492	 253844	  0.1922	 99.1578
           	   55	    393	 254237	  0.1535	 99.3113
           	   56	    324	 254561	  0.1266	 99.4379
           	   57	    277	 254838	  0.1082	 99.5461
           	   58	    231	 255069	  0.0902	 99.6363
           	   59	      0	 255069	  0.0000	 99.6363
           	   60	    205	 255274	  0.0801	 99.7164
           	   61	    171	 255445	  0.0668	 99.7832
           	   62	    132	 255577	  0.0516	 99.8348
           	   63	    100	 255677	  0.0391	 99.8738
           	   64	     66	 255743	  0.0258	 99.8996
           	   65	     55	 255798	  0.0215	 99.9211
           	   66	     38	 255836	  0.0148	 99.9359
           	   67	     38	 255874	  0.0148	 99.9508
           	   68	     31	 255905	  0.0121	 99.9629
           	   69	     20	 255925	  0.0078	 99.9707
           	   70	      7	 255932	  0.0027	 99.9734
           	   71	     10	 255942	  0.0039	 99.9773
           	   72	      8	 255950	  0.0031	 99.9805
           	   73	      3	 255953	  0.0012	 99.9816
           	   74	      8	 255961	  0.0031	 99.9848
           	   75	      5	 255966	  0.0020	 99.9867
           	   76	      3	 255969	  0.0012	 99.9879
           	   77	      6	 255975	  0.0023	 99.9902
           	   78	      3	 255978	  0.0012	 99.9914
           	   79	      0	 255978	  0.0000	 99.9914
           	   80	      1	 255979	  0.0004	 99.9918
           	   81	      0	 255979	  0.0000	 99.9918
           	   82	      1	 255980	  0.0004	 99.9922
           	   83	      5	 255985	  0.0020	 99.9941
           	   84	      1	 255986	  0.0004	 99.9945
           	   85	      2	 255988	  0.0008	 99.9953
           	   86	      3	 255991	  0.0012	 99.9965
           	   87	      3	 255994	  0.0012	 99.9977
           	   88	      0	 255994	  0.0000	 99.9977
           	   89	      0	 255994	  0.0000	 99.9977
           	   90	      1	 255995	  0.0004	 99.9980
           	   91	      0	 255995	  0.0000	 99.9980
           	   92	      1	 255996	  0.0004	 99.9984
           	   93	      1	 255997	  0.0004	 99.9988
           	   94	      1	 255998	  0.0004	 99.9992
           	   95	      0	 255998	  0.0000	 99.9992
           	   96	      0	 255998	  0.0000	 99.9992
           	   97	      0	 255998	  0.0000	 99.9992
           	   98	      1	 255999	  0.0004	 99.9996
           	   99	      0	 255999	  0.0000	 99.9996
           	  100	      1	 256000	  0.0004	100.0000

Histogram  	   DN	   Npts	  Total	 Percent	 Acc Pct
Band 4     	    0	      2	      2	  0.0008	  0.0008
           	    1	      7	      9	  0.0027	  0.0035
           	    2	     12	     21	  0.0047	  0.0082
           	    3	     56	     77	  0.0219	  0.0301
           	    4	    326	    403	  0.1273	  0.1574
           	    5	   1227	   1630	  0.4793	  0.6367
           	    6	   1372	   3002	  0.5359	  1.1727
           	    7	    892	   3894	  0.3484	  1.5211
           	    8	    751	   4645	  0.2934	  1.8145
           	    9	    653	   5298	  0.2551	  2.0695
           	   10	    686	   5984	  0.2680	  2.3375
           	   11	    776	   6760	  0.3031	  2.6406
           	   12	      0	   6760	  0.0000	  2.6406
           	   13	   1859	   8619	  0.7262	  3.3668
           	   14	      0	   8619	  0.0000	  3.3668
           	   15	   2309	  10928	  0.9020	  4.2688
           	   16	   1367	  12295	  0.5340	  4.8027
           	   17	   1547	  13842	  0.6043	  5.4070
           	   18	   1684	  15526	  0.6578	  6.0648
           	   19	   1857	  17383	  0.7254	  6.7902
           	   20	   2164	  19547	  0.8453	  7.6355
           	   21	   2381	  21928	  0.9301	  8.5656
           	   22	   2740	  24668	  1.0703	  9.6359
           	   23	   3029	  27697	  1.1832	 10.8191
           	   24	   3369	  31066	  1.3160	 12.1352
           	   25	      0	  31066	  0.0000	 12.1352
           	   26	   8277	  39343	  3.2332	 15.3684
           	   27	      0	  39343	  0.0000	 15.3684
           	   28	  12097	  51440	  4.7254	 20.0938
           	   29	      0	  51440	  0.0000	 20.0938
           	   30	  17622	  69062	  6.8836	 26.9773
           	   31	      0	  69062	  0.0000	 26.9773
           	   32	  22964	  92026	  8.9703	 35.9477
           	   33	  13133	 105159	  5.1301	 41.0777
           	   34	  12991	 118150	  5.0746	 46.1523
           	   35	  12747	 130897	  4.9793	 51.1316
           	   36	  13765	 144662	  5.3770	 56.5086
           	   37	  14854	 159516	  5.8023	 62.3109
           	   38	      0	 159516	  0.0000	 62.3109
           	   39	  25877	 185393	 10.1082	 72.4191
           	   40	      0	 185393	  0.0000	 72.4191
           	   41	  19941	 205334	  7.7895	 80.2086
           	   42	      0	 205334	  0.0000	 80.2086
           	   43	  12851	 218185	  5.0199	 85.2285
           	   44	      0	 218185	  0.0000	 85.2285
           	   45	   8899	 227084	  3.4762	 88.7047
           	   46	      0	 227084	  0.0000	 88.7047
           	   47	   6664	 233748	  2.6031	 91.3078
           	   48	      0	 233748	  0.0000	 91.3078
           	   49	   2791	 236539	  1.0902	 92.3980
           	   50	   4761	 241300	  1.8598	 94.2578
           	   51	      0	 241300	  0.0000	 94.2578
           	   52	   3782	 245082	  1.4773	 95.7352
           	   53	      0	 245082	  0.0000	 95.7352
           	   54	   3175	 248257	  1.2402	 96.9754
           	   55	      0	 248257	  0.0000	 96.9754
           	   56	   2565	 250822	  1.0020	 97.9773
           	   57	      0	 250822	  0.0000	 97.9773
           	   58	   1842	 252664	  0.7195	 98.6969
           	   59	      0	 252664	  0.0000	 98.6969
           	   60	   1299	 253963	  0.5074	 99.2043
           	   61	      0	 253963	  0.0000	 99.2043
           	   62	    489	 254452	  0.1910	 99.3953
           	   63	    379	 254831	  0.1480	 99.5434
           	   64	    292	 255123	  0.1141	 99.6574
           	   65	    224	 255347	  0.0875	 99.7449
           	   66	    201	 255548	  0.0785	 99.8234
           	   67	    208	 255756	  0.0813	 99.9047
           	   68	      0	 255756	  0.0000	 99.9047
           	   69	     98	 255854	  0.0383	 99.9430
           	   70	      0	 255854	  0.0000	 99.9430
           	   71	     62	 255916	  0.0242	 99.9672
           	   72	      0	 255916	  0.0000	 99.9672
           	   73	     32	 255948	  0.0125	 99.9797
           	   74	      0	 255948	  0.0000	 99.9797
           	   75	     16	 255964	  0.0063	 99.9859
           	   76	      6	 255970	  0.0023	 99.9883
           	   77	      6	 255976	  0.0023	 99.9906
           	   78	      1	 255977	  0.0004	 99.9910
           	   79	      4	 255981	  0.0016	 99.9926
           	   80	      4	 255985	  0.0016	 99.9941
           	   81	      1	 255986	  0.0004	 99.9945
           	   82	      3	 255989	  0.0012	 99.9957
           	   83	      0	 255989	  0.0000	 99.9957
           	   84	      2	 255991	  0.0008	 99.9965
           	   85	      0	 255991	  0.0000	 99.9965
           	   86	      4	 255995	  0.0016	 99.9980
           	   87	      0	 255995	  0.0000	 99.9980
           	   88	      1	 255996	  0.0004	 99.9984
           	   89	      0	 255996	  0.0000	 99.9984
           	   90	      1	 255997	  0.0004	 99.9988
           	   91	      1	 255998	  0.0004	 99.9992
           	   92	      0	 255998	  0.0000	 99.9992
           	   93	      0	 255998	  0.0000	 99.9992
           	   94	      0	 255998	  0.0000	 99.9992
           	   95	      0	 255998	  0.0000	 99.9992
           	   96	      0	 255998	  0.0000	 99.9992
           	   97	      1	 255999	  0.0004	 99.9996
           	   98	      0	 255999	  0.0000	 99.9996
           	   99	      0	 255999	  0.0000	 99.9996
           	  100	      1	 256000	  0.0004	100.0000

Histogram  	   DN	   Npts	  Total	 Percent	 Acc Pct
Band 5     	    0	      4	      4	  0.0016	  0.0016
           	    1	     12	     16	  0.0047	  0.0063
           	    2	     85	    101	  0.0332	  0.0395
           	    3	   1098	   1199	  0.4289	  0.4684
           	    4	   1738	   2937	  0.6789	  1.1473
           	    5	   1276	   4213	  0.4984	  1.6457
           	    6	    994	   5207	  0.3883	  2.0340
           	    7	   1547	   6754	  0.6043	  2.6383
           	    8	   1225	   7979	  0.4785	  3.1168
           	    9	   1324	   9303	  0.5172	  3.6340
           	   10	   1525	  10828	  0.5957	  4.2297
           	   11	   2587	  13415	  1.0105	  5.2402
           	   12	   1880	  15295	  0.7344	  5.9746
           	   13	   1911	  17206	  0.7465	  6.7211
           	   14	   2183	  19389	  0.8527	  7.5738
           	   15	   3664	  23053	  1.4313	  9.0051
           	   16	   2771	  25824	  1.0824	 10.0875
           	   17	   2931	  28755	  1.1449	 11.2324
           	   18	   3327	  32082	  1.2996	 12.5320
           	   19	   5989	  38071	  2.3395	 14.8715
           	   20	   4539	  42610	  1.7730	 16.6445
           	   21	   4960	  47570	  1.9375	 18.5820
           	   22	   5520	  53090	  2.1563	 20.7383
           	   23	   9120	  62210	  3.5625	 24.3008
           	   24	   6671	  68881	  2.6059	 26.9066
           	   25	   6922	  75803	  2.7039	 29.6105
           	   26	   7770	  83573	  3.0352	 32.6457
           	   27	  12664	  96237	  4.9469	 37.5926
           	   28	   9163	 105400	  3.5793	 41.1719
           	   29	  10187	 115587	  3.9793	 45.1512
           	   30	  16986	 132573	  6.6352	 51.7863
           	   31	  11387	 143960	  4.4480	 56.2344
           	   32	  11427	 155387	  4.4637	 60.6980
           	   33	  11815	 167202	  4.6152	 65.3133
           	   34	  17154	 184356	  6.7008	 72.0141
           	   35	  10396	 194752	  4.0609	 76.0750
           	   36	   9610	 204362	  3.7539	 79.8289
           	   37	   8877	 213239	  3.4676	 83.2965
           	   38	   7723	 220962	  3.0168	 86.3133
           	   39	   8943	 229905	  3.4934	 89.8066
           	   40	   4771	 234676	  1.8637	 91.6703
           	   41	   3909	 238585	  1.5270	 93.1973
           	   42	   2980	 241565	  1.1641	 94.3613
           	   43	   3360	 244925	  1.3125	 95.6738
           	   44	   1785	 246710	  0.6973	 96.3711
           	   45	   1558	 248268	  0.6086	 96.9797
           	   46	   1895	 250163	  0.7402	 97.7199
           	   47	   1088	 251251	  0.4250	 98.1449
           	   48	    927	 252178	  0.3621	 98.5070
           	   49	    799	 252977	  0.3121	 98.8191
           	   50	    935	 253912	  0.3652	 99.1844
           	   51	    463	 254375	  0.1809	 99.3652
           	   52	    393	 254768	  0.1535	 99.5187
           	   53	    307	 255075	  0.1199	 99.6387
           	   54	    328	 255403	  0.1281	 99.7668
           	   55	    189	 255592	  0.0738	 99.8406
           	   56	    122	 255714	  0.0477	 99.8883
           	   57	     71	 255785	  0.0277	 99.9160
           	   58	     83	 255868	  0.0324	 99.9484
           	   59	     31	 255899	  0.0121	 99.9605
           	   60	     16	 255915	  0.0063	 99.9668
           	   61	     15	 255930	  0.0059	 99.9727
           	   62	     13	 255943	  0.0051	 99.9777
           	   63	     16	 255959	  0.0063	 99.9840
           	   64	      8	 255967	  0.0031	 99.9871
           	   65	      6	 255973	  0.0023	 99.9895
           	   66	      8	 255981	  0.0031	 99.9926
           	   67	      1	 255982	  0.0004	 99.9930
           	   68	      2	 255984	  0.0008	 99.9938
           	   69	      0	 255984	  0.0000	 99.9938
           	   70	      4	 255988	  0.0016	 99.9953
           	   71	      0	 255988	  0.0000	 99.9953
           	   72	      1	 255989	  0.0004	 99.9957
           	   73	      1	 255990	  0.0004	 99.9961
           	   74	      1	 255991	  0.0004	 99.9965
           	   75	      2	 255993	  0.0008	 99.9973
           	   76	      0	 255993	  0.0000	 99.9973
           	   77	      0	 255993	  0.0000	 99.9973
           	   78	      0	 255993	  0.0000	 99.9973
           	   79	      0	 255993	  0.0000	 99.9973
           	   80	      0	 255993	  0.0000	 99.9973
           	   81	      1	 255994	  0.0004	 99.9977
           	   82	      2	 255996	  0.0008	 99.9984
           	   83	      1	 255997	  0.0004	 99.9988
           	   84	      0	 255997	  0.0000	 99.9988
           	   85	      0	 255997	  0.0000	 99.9988
           	   86	      1	 255998	  0.0004	 99.9992
           	   87	      1	 255999	  0.0004	 99.9996
           	   88	      0	 255999	  0.0000	 99.9996
           	   89	      0	 255999	  0.0000	 99.9996
           	   90	      0	 255999	  0.0000	 99.9996
           	   91	      0	 255999	  0.0000	 99.9996
           	   92	      0	 255999	  0.0000	 99.9996
           	   93	      0	 255999	  0.0000	 99.9996
           	   94	      0	 255999	  0.0000	 99.9996
           	   95	      0	 255999	  0.0000	 99.9996
           	   96	      0	 255999	  0.0000	 99.9996
           	   97	      0	 255999	  0.0000	 99.9996
           	   98	      0	 255999	  0.0000	 99.9996
           	   99	      0	 255999	  0.0000	 99.9996
           	  100	      1	 256000	  0.0004	100.0000

Histogram  	   DN	   Npts	  Total	 Percent	 Acc Pct
Band 6     	    0	     14	     14	  0.0055	  0.0055
           	    1	    224	    238	  0.0875	  0.0930
           	    2	    688	    926	  0.2687	  0.3617
           	    3	   2791	   3717	  1.0902	  1.4520
           	    4	   1120	   4837	  0.4375	  1.8895
           	    5	   2430	   7267	  0.9492	  2.8387
           	    6	   1346	   8613	  0.5258	  3.3645
           	    7	   2995	  11608	  1.1699	  4.5344
           	    8	   1668	  13276	  0.6516	  5.1859
           	    9	   3568	  16844	  1.3938	  6.5797
           	   10	   1913	  18757	  0.7473	  7.3270
           	   11	   4499	  23256	  1.7574	  9.0844
           	   12	   2542	  25798	  0.9930	 10.0773
           	   13	   6286	  32084	  2.4555	 12.5328
           	   14	   3744	  35828	  1.4625	 13.9953
           	   15	   8726	  44554	  3.4086	 17.4039
           	   16	   5409	  49963	  2.1129	 19.5168
           	   17	  13344	  63307	  5.2125	 24.7293
           	   18	   7656	  70963	  2.9906	 27.7199
           	   19	  16464	  87427	  6.4312	 34.1512
           	   20	   8303	  95730	  3.2434	 37.3945
           	   21	  16927	 112657	  6.6121	 44.0066
           	   22	   9089	 121746	  3.5504	 47.5570
           	   23	  18457	 140203	  7.2098	 54.7668
           	   24	   9111	 149314	  3.5590	 58.3258
           	   25	  17400	 166714	  6.7969	 65.1227
           	   26	   8075	 174789	  3.1543	 68.2770
           	   27	  15256	 190045	  5.9594	 74.2363
           	   28	   7516	 197561	  2.9359	 77.1723
           	   29	  13434	 210995	  5.2477	 82.4199
           	   30	   5985	 216980	  2.3379	 84.7578
           	   31	   9769	 226749	  3.8160	 88.5738
           	   32	   3724	 230473	  1.4547	 90.0285
           	   33	   6493	 236966	  2.5363	 92.5648
           	   34	   2681	 239647	  1.0473	 93.6121
           	   35	   4402	 244049	  1.7195	 95.3316
           	   36	   1740	 245789	  0.6797	 96.0113
           	   37	   2727	 248516	  1.0652	 97.0766
           	   38	   1081	 249597	  0.4223	 97.4988
           	   39	   1838	 251435	  0.7180	 98.2168
           	   40	    733	 252168	  0.2863	 98.5031
           	   41	   1270	 253438	  0.4961	 98.9992
           	   42	    467	 253905	  0.1824	 99.1816
           	   43	    775	 254680	  0.3027	 99.4844
           	   44	    286	 254966	  0.1117	 99.5961
           	   45	    383	 255349	  0.1496	 99.7457
           	   46	    138	 255487	  0.0539	 99.7996
           	   47	    219	 255706	  0.0855	 99.8852
           	   48	     69	 255775	  0.0270	 99.9121
           	   49	     92	 255867	  0.0359	 99.9480
           	   50	     30	 255897	  0.0117	 99.9598
           	   51	     38	 255935	  0.0148	 99.9746
           	   52	      9	 255944	  0.0035	 99.9781
           	   53	     12	 255956	  0.0047	 99.9828
           	   54	      4	 255960	  0.0016	 99.9844
           	   55	     13	 255973	  0.0051	 99.9895
           	   56	      1	 255974	  0.0004	 99.9898
           	   57	     10	 255984	  0.0039	 99.9938
           	   58	      5	 255989	  0.0020	 99.9957
           	   59	      5	 255994	  0.0020	 99.9977
           	   60	      1	 255995	  0.0004	 99.9980
           	   61	      1	 255996	  0.0004	 99.9984
           	   62	      0	 255996	  0.0000	 99.9984
           	   63	      2	 255998	  0.0008	 99.9992
           	   64	      0	 255998	  0.0000	 99.9992
           	   65	      1	 255999	  0.0004	 99.9996
           	   66	      0	 255999	  0.0000	 99.9996
           	   67	      0	 255999	  0.0000	 99.9996
           	   68	      0	 255999	  0.0000	 99.9996
           	   69	      0	 255999	  0.0000	 99.9996
           	   70	      0	 255999	  0.0000	 99.9996
           	   71	      0	 255999	  0.0000	 99.9996
           	   72	      0	 255999	  0.0000	 99.9996
           	   73	      0	 255999	  0.0000	 99.9996
           	   74	      0	 255999	  0.0000	 99.9996
           	   75	      0	 255999	  0.0000	 99.9996
           	   76	      0	 255999	  0.0000	 99.9996
           	   77	      0	 255999	  0.0000	 99.9996
           	   78	      0	 255999	  0.0000	 99.9996
           	   79	      0	 255999	  0.0000	 99.9996
           	   80	      0	 255999	  0.0000	 99.9996
           	   81	      0	 255999	  0.0000	 99.9996
           	   82	      0	 255999	  0.0000	 99.9996
           	   83	      0	 255999	  0.0000	 99.9996
           	   84	      0	 255999	  0.0000	 99.9996
           	   85	      0	 255999	  0.0000	 99.9996
           	   86	      0	 255999	  0.0000	 99.9996
           	   87	      0	 255999	  0.0000	 99.9996
           	   88	      0	 255999	  0.0000	 99.9996
           	   89	      0	 255999	  0.0000	 99.9996
           	   90	      0	 255999	  0.0000	 99.9996
           	   91	      0	 255999	  0.0000	 99.9996
           	   92	      0	 255999	  0.0000	 99.9996
           	   93	      0	 255999	  0.0000	 99.9996
           	   94	      0	 255999	  0.0000	 99.9996
           	   95	      0	 255999	  0.0000	 99.9996
           	   96	      0	 255999	  0.0000	 99.9996
           	   97	      0	 255999	  0.0000	 99.9996
           	   98	      0	 255999	  0.0000	 99.9996
           	   99	      0	 255999	  0.0000	 99.9996
           	  100	      1	 256000	  0.0004	100.0000
